[
"""The hailstorm guess told us that in an infinite process
a[n+1]=a[n]/2, a[n]%2=0;
       3*a[n]+1, a[n]%2=1, the result must be fall intp 1-4-2-1-4-2-1......
Input an integer and output the process of it changing to 1.""",

"""an integer, n, in range int, n>0.""",
"""multi lines, one number a line, to show the process.""",
[[
"""5""",
"""16
8
4
2
1""",
]],
"""5 -> *3+1 -> /2 -> /2 -> /2 -> /2""",
[["""10""","""5
16
8
4
2
1"""],
["""99""", """298
149
448
224
112
56
28
14
7
22
11
34
17
52
26
13
40
20
10
5
16
8
4
2
1"""],
["""1145""", """3436
1718
859
2578
1289
3868
1934
967
2902
1451
4354
2177
6532
3266
1633
4900
2450
1225
3676
1838
919
2758
1379
4138
2069
6208
3104
1552
776
388
194
97
292
146
73
220
110
55
166
83
250
125
376
188
94
47
142
71
214
107
322
161
484
242
121
364
182
91
274
137
412
206
103
310
155
466
233
700
350
175
526
263
790
395
1186
593
1780
890
445
1336
668
334
167
502
251
754
377
1132
566
283
850
425
1276
638
319
958
479
1438
719
2158
1079
3238
1619
4858
2429
7288
3644
1822
911
2734
1367
4102
2051
6154
3077
9232
4616
2308
1154
577
1732
866
433
1300
650
325
976
488
244
122
61
184
92
46
23
70
35
106
53
160
80
40
20
10
5
16
8
4
2
1"""],
["""27""", """82
41
124
62
31
94
47
142
71
214
107
322
161
484
242
121
364
182
91
274
137
412
206
103
310
155
466
233
700
350
175
526
263
790
395
1186
593
1780
890
445
1336
668
334
167
502
251
754
377
1132
566
283
850
425
1276
638
319
958
479
1438
719
2158
1079
3238
1619
4858
2429
7288
3644
1822
911
2734
1367
4102
2051
6154
3077
9232
4616
2308
1154
577
1732
866
433
1300
650
325
976
488
244
122
61
184
92
46
23
70
35
106
53
160
80
40
20
10
5
16
8
4
2
1"""],
["""992837457""", """2978512372
1489256186
744628093
2233884280
1116942140
558471070
279235535
837706606
418853303
1256559910
628279955
1884839866
942419933
2827259800
1413629900
706814950
353407475
1060222426
530111213
1590333640
795166820
397583410
198791705
596375116
298187558
149093779
447281338
223640669
670922008
335461004
167730502
83865251
251595754
125797877
377393632
188696816
94348408
47174204
23587102
11793551
35380654
17690327
53070982
26535491
79606474
39803237
119409712
59704856
29852428
14926214
7463107
22389322
11194661
33583984
16791992
8395996
4197998
2098999
6296998
3148499
9445498
4722749
14168248
7084124
3542062
1771031
5313094
2656547
7969642
3984821
11954464
5977232
2988616
1494308
747154
373577
1120732
560366
280183
840550
420275
1260826
630413
1891240
945620
472810
236405
709216
354608
177304
88652
44326
22163
66490
33245
99736
49868
24934
12467
37402
18701
56104
28052
14026
7013
21040
10520
5260
2630
1315
3946
1973
5920
2960
1480
740
370
185
556
278
139
418
209
628
314
157
472
236
118
59
178
89
268
134
67
202
101
304
152
76
38
19
58
29
88
44
22
11
34
17
52
26
13
40
20
10
5
16
8
4
2
1"""]],
]